7 1 1 0.1
9 1 3 0.9
8 2 1 0.4
16 2 1 1.0
35 2 1 0.5
24 3 2 0.3
29 3 1 0.5
9 5 2 0.9
28 5 10 0.2
24 6 1 0.3
35 6 1 0.2
2 10 7 0.2
3 10 2 0.3
4 10 4 1.0
8 10 1 0.6
11 10 3 0.2
16 10 2 0.2
17 10 3 0.7
22 10 3 1.0
24 10 1 0.5
25 10 1 0.7
26 10 3 0.2
29 10 2 0.7
31 10 2 0.2
33 10 2 0.2
34 10 1 0.5
35 10 2 0.6
1 12 4 0.5
2 12 1 1.0
4 12 1 0.9
5 12 4 0.1
8 12 2 0.4
9 12 1 0.4
10 12 1 1.0
11 12 1 0.9
16 12 4 0.1
18 12 2 0.5
22 12 4 0.6
24 12 4 0.8
25 12 5 0.9
26 12 1 0.1
28 12 2 0.3
29 12 6 1.0
34 12 9 0.7
35 12 2 0.9
2 13 1 0.2
3 13 2 0.1
5 13 1 0.1
8 13 7 0.7
10 13 1 0.7
18 13 1 0.1
21 13 1 0.7
22 13 1 0.3
24 13 3 0.6
30 13 1 0.1
31 13 3 0.7
34 13 1 0.8
35 13 1 0.9
2 14 1 0.5
11 14 6 0.9
16 14 2 0.7
18 14 2 0.7
19 14 7 0.6
25 14 4 0.2
26 14 12 0.2
29 14 2 0.6
30 14 7 0.6
33 14 2 0.6
34 14 1 0.8
35 14 4 0.4
8 15 1 0.7
26 15 2 0.4
29 15 2 0.3
1 18 9 0.6
2 18 1 0.7
3 18 2 0.9
5 18 5 0.1
7 18 1 0.1
8 18 2 0.4
9 18 1 0.0
10 18 2 1.0
11 18 1 0.5
16 18 4 0.4
22 18 1 0.8
24 18 2 1.0
25 18 2 0.4
26 18 1 0.3
34 18 7 0.5
35 18 1 0.8
5 20 1 0.2
8 20 2 0.0
21 20 4 0.1
34 20 2 0.1
28 23 1 0.5
3 25 2 0.1
11 25 1 0.5
24 25 3 0.4
29 25 1 0.5
33 25 1 0.8
35 25 2 0.3
4 27 1 0.2
5 27 1 0.9
8 27 2 0.4
22 27 3 0.1
11 30 3 0.3
26 30 3 0.1
22 31 1 0.6
4 32 4 0.9
8 32 2 0.8
11 32 1 0.5
16 32 1 0.2
24 32 3 0.9
29 32 4 0.6
35 32 3 0.7
7 33 1 0.7
9 33 2 0.6
24 33 1 0.7
24 35 1 0.8
