7 1 0.6 0.7
9 1 0.0 0.5
8 2 0.1 0.2
16 2 0.3 0.7
35 2 0.1 0.5
24 3 0.5 0.2
29 3 0.5 0.7
9 5 0.9 0.5
28 5 0.3 0.2
24 6 0.7 0.7
35 6 0.5 0.5
2 10 0.5 0.2
3 10 0.9 0.7
4 10 0.9 0.5
8 10 0.3 0.2
11 10 0.8 0.7
16 10 0.5 0.5
17 10 0.8 0.2
22 10 0.9 0.7
24 10 0.1 0.5
25 10 0.7 0.2
26 10 0.5 0.7
29 10 1.0 0.5
31 10 0.3 0.2
33 10 0.5 0.7
34 10 0.6 0.5
35 10 0.1 0.2
1 12 0.0 0.7
2 12 0.1 0.5
4 12 0.5 0.2
5 12 0.4 0.7
8 12 0.8 0.5
9 12 0.1 0.2
10 12 0.3 0.7
11 12 0.5 0.5
16 12 0.6 0.2
18 12 0.5 0.7
22 12 0.8 0.5
24 12 0.3 0.2
25 12 0.8 0.7
26 12 0.3 0.5
28 12 1.0 0.2
29 12 0.1 0.7
34 12 0.8 0.5
35 12 0.6 0.2
2 13 0.4 0.7
3 13 0.7 0.5
5 13 0.2 0.2
8 13 0.9 0.7
10 13 0.6 0.5
18 13 0.2 0.2
21 13 0.4 0.7
22 13 0.1 0.5
24 13 0.9 0.2
30 13 0.5 0.7
31 13 0.9 0.5
34 13 0.4 0.2
35 13 1.0 0.7
2 14 0.7 0.5
11 14 0.8 0.2
16 14 0.4 0.7
18 14 0.3 0.5
19 14 0.9 0.2
25 14 0.4 0.7
26 14 0.8 0.5
29 14 0.2 0.2
30 14 0.7 0.7
33 14 0.5 0.5
34 14 0.3 0.2
35 14 0.8 0.7
8 15 0.3 0.5
26 15 0.1 0.2
29 15 0.1 0.7
1 18 0.1 0.5
2 18 0.9 0.2
3 18 0.8 0.7
5 18 0.0 0.5
7 18 0.4 0.2
8 18 0.8 0.7
9 18 0.6 0.5
10 18 0.5 0.2
11 18 0.8 0.7
16 18 0.5 0.5
22 18 0.9 0.2
24 18 0.8 0.7
25 18 0.7 0.5
26 18 0.9 0.2
34 18 0.4 0.7
35 18 0.0 0.5
5 20 0.5 0.2
8 20 1.0 0.7
21 20 0.8 0.5
34 20 0.3 0.2
28 23 0.1 0.7
3 25 0.2 0.5
11 25 0.5 0.2
24 25 0.9 0.7
29 25 0.8 0.5
33 25 0.2 0.2
35 25 0.1 0.7
4 27 0.7 0.5
5 27 0.8 0.2
8 27 0.5 0.7
22 27 0.3 0.5
11 30 0.1 0.2
26 30 0.5 0.7
22 31 0.7 0.5
4 32 0.8 0.2
8 32 0.8 0.7
11 32 0.8 0.5
16 32 0.6 0.2
24 32 0.8 0.7
29 32 0.4 0.5
35 32 0.9 0.2
7 33 0.2 0.7
9 33 0.5 0.5
24 33 0.3 0.2
24 35 0.4 0.7
